Sample	0	1	2	3	4	5	6	7	8	9	10	11	12	13	14	15	16	17	18	19	20	21	22	23	24	25	26	27	28	29	30	31	32	33	34	35	36	37	38	39	40	41	42	43	44	45	46	47	48	49
sample10_R1	(1, 13.95)	(2, 21.4)	(3, 17.9)	(4, 21.05)	(5, 19.65)	(6, 18.35)	(7, 17.75)	(8, 13.5)	(9, 21.05)	(10, 20.05)	(11, 17.55)	(12, 24.5)	(13, 19.85)	(14, 20.15)	(15, 20.7)	(16, 22.4)	(17, 22.15)	(18, 21.6)	(19, 16.2)	(20, 21.2)	(21, 17.25)	(22, 24.8)	(23, 19.55)	(24, 20.3)	(25, 19.95)	(26, 21.45)	(27, 22.25)	(28, 20.1)	(29, 21.3)	(30, 19.2)	(31, 18.4)	(32, 19.25)	(33, 23.65)	(34, 19.3)	(35, 17.15)	(36, 18.0)	(37, 19.85)	(38, 19.75)	(39, 16.3)	(40, 17.85)	(41, 22.3)	(42, 20.6)	(43, 17.1)	(44, 17.0)	(45, 17.1)	(46, 21.55)	(47, 19.05)	(48, 19.25)	(49, 20.7)	(50, 20.85)
sample10_R2	(1, 19.55)	(2, 19.25)	(3, 23.9)	(4, 20.65)	(5, 17.65)	(6, 20.5)	(7, 20.25)	(8, 18.75)	(9, 23.95)	(10, 21.7)	(11, 21.65)	(12, 15.5)	(13, 17.55)	(14, 17.9)	(15, 18.65)	(16, 18.05)	(17, 17.05)	(18, 19.25)	(19, 25.75)	(20, 14.95)	(21, 22.15)	(22, 21.8)	(23, 22.25)	(24, 20.9)	(25, 16.05)	(26, 18.95)	(27, 17.3)	(28, 14.95)	(29, 16.25)	(30, 20.85)	(31, 20.4)	(32, 18.7)	(33, 19.95)	(34, 18.95)	(35, 17.05)	(36, 22.9)	(37, 18.0)	(38, 18.5)	(39, 16.8)	(40, 19.0)	(41, 21.55)	(42, 18.7)	(43, 19.9)	(44, 22.55)	(45, 15.8)	(46, 21.35)	(47, 19.5)	(48, 19.4)	(49, 15.95)	(50, 16.8)
sample1_R1	(1, 25.85)	(2, 20.35)	(3, 16.55)	(4, 21.35)	(5, 19.3)	(6, 22.75)	(7, 20.6)	(8, 20.95)	(9, 20.8)	(10, 17.9)	(11, 19.85)	(12, 20.8)	(13, 17.0)	(14, 19.15)	(15, 22.6)	(16, 17.65)	(17, 22.6)	(18, 21.35)	(19, 22.15)	(20, 17.2)	(21, 23.45)	(22, 15.7)	(23, 18.85)	(24, 19.4)	(25, 20.9)	(26, 14.8)	(27, 18.7)	(28, 19.1)	(29, 17.5)	(30, 18.75)	(31, 20.85)	(32, 19.15)	(33, 25.85)	(34, 23.1)	(35, 17.6)	(36, 22.25)	(37, 19.95)	(38, 19.0)	(39, 17.45)	(40, 18.95)	(41, 22.0)	(42, 16.8)	(43, 16.1)	(44, 19.65)	(45, 20.6)	(46, 16.6)	(47, 20.15)	(48, 18.95)	(49, 17.75)	(50, 19.15)
sample1_R2	(1, 18.6)	(2, 17.85)	(3, 16.3)	(4, 19.7)	(5, 24.5)	(6, 23.0)	(7, 24.35)	(8, 18.8)	(9, 19.45)	(10, 16.6)	(11, 17.85)	(12, 18.1)	(13, 18.2)	(14, 18.85)	(15, 20.6)	(16, 23.95)	(17, 23.1)	(18, 22.2)	(19, 20.4)	(20, 19.65)	(21, 19.55)	(22, 20.05)	(23, 16.7)	(24, 21.95)	(25, 21.7)	(26, 18.4)	(27, 20.9)	(28, 20.0)	(29, 24.25)	(30, 22.6)	(31, 18.8)	(32, 16.5)	(33, 18.95)	(34, 13.3)	(35, 19.95)	(36, 19.25)	(37, 18.65)	(38, 17.8)	(39, 23.9)	(40, 15.6)	(41, 23.45)	(42, 17.65)	(43, 23.6)	(44, 21.3)	(45, 23.35)	(46, 23.1)	(47, 21.15)	(48, 17.8)	(49, 20.65)	(50, 15.65)
sample2_R1	(1, 15.0)	(2, 20.05)	(3, 17.6)	(4, 19.95)	(5, 18.35)	(6, 16.5)	(7, 16.75)	(8, 20.25)	(9, 16.6)	(10, 11.55)	(11, 21.6)	(12, 21.1)	(13, 19.95)	(14, 20.05)	(15, 23.75)	(16, 16.9)	(17, 18.25)	(18, 22.6)	(19, 19.85)	(20, 17.55)	(21, 21.1)	(22, 17.35)	(23, 18.3)	(24, 15.8)	(25, 17.05)	(26, 18.95)	(27, 27.3)	(28, 20.1)	(29, 20.0)	(30, 21.3)	(31, 19.75)	(32, 19.3)	(33, 20.95)	(34, 19.1)	(35, 19.6)	(36, 24.65)	(37, 20.2)	(38, 19.45)	(39, 20.1)	(40, 19.8)	(41, 22.0)	(42, 15.65)	(43, 21.9)	(44, 23.65)	(45, 18.65)	(46, 24.7)	(47, 16.35)	(48, 21.45)	(49, 18.85)	(50, 14.35)
sample2_R2	(1, 21.7)	(2, 18.85)	(3, 19.65)	(4, 16.4)	(5, 22.75)	(6, 17.5)	(7, 21.9)	(8, 15.55)	(9, 21.65)	(10, 21.8)	(11, 19.6)	(12, 16.8)	(13, 18.7)	(14, 15.65)	(15, 21.9)	(16, 19.55)	(17, 18.0)	(18, 24.3)	(19, 17.95)	(20, 17.75)	(21, 22.05)	(22, 21.05)	(23, 19.7)	(24, 15.6)	(25, 19.25)	(26, 26.75)	(27, 18.8)	(28, 17.25)	(29, 22.85)	(30, 18.35)	(31, 16.75)	(32, 25.1)	(33, 16.85)	(34, 21.65)	(35, 15.9)	(36, 21.5)	(37, 15.2)	(38, 19.25)	(39, 19.6)	(40, 19.05)	(41, 18.85)	(42, 17.25)	(43, 20.05)	(44, 24.85)	(45, 22.3)	(46, 22.8)	(47, 16.45)	(48, 21.6)	(49, 25.45)	(50, 21.3)
sample3_R1	(1, 23.2)	(2, 18.2)	(3, 18.95)	(4, 24.2)	(5, 17.65)	(6, 23.0)	(7, 21.0)	(8, 23.6)	(9, 21.95)	(10, 21.0)	(11, 18.45)	(12, 19.55)	(13, 22.55)	(14, 17.6)	(15, 14.75)	(16, 19.5)	(17, 15.2)	(18, 17.95)	(19, 15.45)	(20, 17.3)	(21, 20.5)	(22, 15.95)	(23, 19.05)	(24, 21.75)	(25, 17.55)	(26, 27.15)	(27, 19.15)	(28, 20.25)	(29, 20.35)	(30, 18.85)	(31, 13.3)	(32, 21.6)	(33, 20.55)	(34, 18.0)	(35, 23.1)	(36, 16.3)	(37, 19.15)	(38, 22.15)	(39, 21.35)	(40, 19.35)	(41, 13.6)	(42, 21.85)	(43, 19.15)	(44, 22.65)	(45, 20.8)	(46, 17.25)	(47, 17.5)	(48, 19.2)	(49, 18.7)	(50, 23.45)
sample3_R2	(1, 21.75)	(2, 22.35)	(3, 23.65)	(4, 23.8)	(5, 21.9)	(6, 24.25)	(7, 19.85)	(8, 23.35)	(9, 16.55)	(10, 18.85)	(11, 16.85)	(12, 20.05)	(13, 16.75)	(14, 17.25)	(15, 20.1)	(16, 18.4)	(17, 17.25)	(18, 15.9)	(19, 20.1)	(20, 20.6)	(21, 21.5)	(22, 17.8)	(23, 17.5)	(24, 17.85)	(25, 22.7)	(26, 19.3)	(27, 18.95)	(28, 22.3)	(29, 17.85)	(30, 20.7)	(31, 21.5)	(32, 19.85)	(33, 19.2)	(34, 16.8)	(35, 21.45)	(36, 24.35)	(37, 25.35)	(38, 20.05)	(39, 18.8)	(40, 23.6)	(41, 17.8)	(42, 20.15)	(43, 17.25)	(44, 22.15)	(45, 21.75)	(46, 19.35)	(47, 18.65)	(48, 21.8)	(49, 16.4)	(50, 16.05)
sample4_R1	(1, 15.35)	(2, 21.7)	(3, 18.25)	(4, 15.45)	(5, 17.65)	(6, 18.4)	(7, 18.35)	(8, 23.85)	(9, 21.5)	(10, 20.15)	(11, 19.6)	(12, 16.75)	(13, 22.05)	(14, 19.4)	(15, 17.35)	(16, 19.6)	(17, 15.35)	(18, 20.7)	(19, 17.85)	(20, 21.7)	(21, 19.2)	(22, 22.5)	(23, 21.1)	(24, 19.9)	(25, 19.1)	(26, 19.9)	(27, 18.55)	(28, 20.35)	(29, 19.85)	(30, 18.2)	(31, 19.05)	(32, 20.55)	(33, 17.8)	(34, 19.2)	(35, 18.75)	(36, 16.5)	(37, 18.25)	(38, 15.9)	(39, 19.7)	(40, 20.55)	(41, 20.25)	(42, 20.5)	(43, 19.85)	(44, 22.55)	(45, 18.05)	(46, 16.55)	(47, 17.45)	(48, 21.7)	(49, 12.55)	(50, 20.0)
sample4_R2	(1, 17.95)	(2, 20.75)	(3, 20.3)	(4, 19.55)	(5, 18.95)	(6, 20.4)	(7, 18.9)	(8, 23.95)	(9, 19.45)	(10, 20.3)	(11, 16.85)	(12, 21.4)	(13, 21.6)	(14, 22.85)	(15, 18.4)	(16, 20.25)	(17, 18.0)	(18, 22.85)	(19, 23.25)	(20, 20.55)	(21, 16.9)	(22, 20.6)	(23, 20.85)	(24, 15.5)	(25, 20.05)	(26, 15.15)	(27, 21.3)	(28, 18.5)	(29, 21.4)	(30, 23.15)	(31, 17.4)	(32, 16.4)	(33, 21.2)	(34, 24.7)	(35, 18.45)	(36, 21.15)	(37, 17.05)	(38, 20.6)	(39, 23.85)	(40, 21.9)	(41, 18.85)	(42, 20.15)	(43, 16.55)	(44, 20.45)	(45, 17.3)	(46, 17.45)	(47, 19.25)	(48, 21.7)	(49, 21.0)	(50, 17.45)
sample5_R1	(1, 19.35)	(2, 17.75)	(3, 18.65)	(4, 18.05)	(5, 19.15)	(6, 16.4)	(7, 26.3)	(8, 15.5)	(9, 15.65)	(10, 17.5)	(11, 16.55)	(12, 19.15)	(13, 17.9)	(14, 21.2)	(15, 19.9)	(16, 17.15)	(17, 21.65)	(18, 18.35)	(19, 18.0)	(20, 21.3)	(21, 20.5)	(22, 19.2)	(23, 23.3)	(24, 21.25)	(25, 14.7)	(26, 20.25)	(27, 20.85)	(28, 17.4)	(29, 16.75)	(30, 17.5)	(31, 23.3)	(32, 18.6)	(33, 20.55)	(34, 14.1)	(35, 19.6)	(36, 18.05)	(37, 21.1)	(38, 20.25)	(39, 19.0)	(40, 23.95)	(41, 17.35)	(42, 16.4)	(43, 18.15)	(44, 19.25)	(45, 18.25)	(46, 19.95)	(47, 19.3)	(48, 16.35)	(49, 18.7)	(50, 16.05)
sample5_R2	(1, 17.05)	(2, 17.45)	(3, 22.4)	(4, 17.35)	(5, 19.4)	(6, 18.45)	(7, 20.8)	(8, 21.8)	(9, 19.6)	(10, 21.4)	(11, 16.6)	(12, 19.0)	(13, 20.0)	(14, 17.95)	(15, 24.05)	(16, 23.3)	(17, 15.25)	(18, 20.35)	(19, 20.45)	(20, 18.8)	(21, 21.85)	(22, 19.85)	(23, 22.35)	(24, 24.05)	(25, 18.7)	(26, 17.95)	(27, 25.65)	(28, 21.45)	(29, 22.3)	(30, 20.75)	(31, 20.0)	(32, 20.15)	(33, 23.0)	(34, 22.35)	(35, 16.15)	(36, 17.0)	(37, 16.05)	(38, 16.45)	(39, 24.6)	(40, 12.2)	(41, 16.7)	(42, 18.3)	(43, 17.4)	(44, 15.6)	(45, 18.7)	(46, 16.85)	(47, 21.35)	(48, 22.3)	(49, 15.65)	(50, 19.65)
sample6_R1	(1, 17.25)	(2, 22.9)	(3, 18.85)	(4, 19.25)	(5, 22.4)	(6, 21.5)	(7, 21.45)	(8, 18.2)	(9, 15.95)	(10, 19.9)	(11, 24.55)	(12, 20.1)	(13, 21.75)	(14, 22.15)	(15, 20.75)	(16, 20.8)	(17, 21.3)	(18, 17.25)	(19, 21.3)	(20, 15.65)	(21, 21.6)	(22, 20.8)	(23, 23.75)	(24, 19.2)	(25, 13.1)	(26, 23.45)	(27, 23.2)	(28, 23.75)	(29, 19.1)	(30, 19.95)	(31, 18.25)	(32, 16.45)	(33, 18.7)	(34, 16.8)	(35, 19.9)	(36, 24.05)	(37, 21.5)	(38, 21.7)	(39, 19.3)	(40, 16.4)	(41, 17.85)	(42, 19.5)	(43, 21.05)	(44, 17.95)	(45, 24.15)	(46, 17.6)	(47, 21.2)	(48, 21.25)	(49, 24.4)	(50, 17.35)
sample6_R2	(1, 13.75)	(2, 19.85)	(3, 21.05)	(4, 17.55)	(5, 19.7)	(6, 21.1)	(7, 17.25)	(8, 17.3)	(9, 21.5)	(10, 22.65)	(11, 17.65)	(12, 20.05)	(13, 25.0)	(14, 23.15)	(15, 22.1)	(16, 19.9)	(17, 20.05)	(18, 21.35)	(19, 25.65)	(20, 19.2)	(21, 19.7)	(22, 24.05)	(23, 17.45)	(24, 16.85)	(25, 20.05)	(26, 22.1)	(27, 20.65)	(28, 19.15)	(29, 17.85)	(30, 23.85)	(31, 18.8)	(32, 19.6)	(33, 16.65)	(34, 17.35)	(35, 24.4)	(36, 19.05)	(37, 22.6)	(38, 25.4)	(39, 22.6)	(40, 21.35)	(41, 23.7)	(42, 22.05)	(43, 20.75)	(44, 21.1)	(45, 21.95)	(46, 17.35)	(47, 16.1)	(48, 20.55)	(49, 14.85)	(50, 15.85)
sample7_R1	(1, 17.6)	(2, 23.0)	(3, 20.65)	(4, 21.8)	(5, 20.85)	(6, 19.05)	(7, 24.3)	(8, 17.3)	(9, 19.2)	(10, 18.65)	(11, 20.95)	(12, 25.8)	(13, 20.15)	(14, 21.35)	(15, 16.15)	(16, 19.25)	(17, 23.4)	(18, 22.15)	(19, 18.85)	(20, 20.35)	(21, 25.2)	(22, 19.3)	(23, 19.2)	(24, 19.4)	(25, 17.05)	(26, 18.75)	(27, 13.2)	(28, 20.65)	(29, 23.45)	(30, 13.85)	(31, 20.45)	(32, 22.25)	(33, 17.65)	(34, 20.8)	(35, 18.45)	(36, 18.2)	(37, 20.8)	(38, 16.85)	(39, 17.5)	(40, 19.15)	(41, 17.4)	(42, 13.4)	(43, 17.25)	(44, 21.8)	(45, 19.1)	(46, 20.85)	(47, 23.8)	(48, 13.3)	(49, 20.75)	(50, 16.4)
sample7_R2	(1, 21.4)	(2, 26.45)	(3, 25.5)	(4, 21.85)	(5, 22.95)	(6, 21.55)	(7, 17.2)	(8, 19.25)	(9, 14.9)	(10, 17.95)	(11, 19.1)	(12, 17.7)	(13, 21.4)	(14, 19.75)	(15, 20.05)	(16, 22.55)	(17, 21.75)	(18, 22.45)	(19, 15.75)	(20, 13.4)	(21, 18.8)	(22, 15.85)	(23, 17.75)	(24, 17.8)	(25, 23.55)	(26, 17.05)	(27, 20.65)	(28, 20.9)	(29, 19.35)	(30, 24.4)	(31, 21.4)	(32, 20.15)	(33, 19.85)	(34, 16.35)	(35, 18.45)	(36, 17.55)	(37, 19.55)	(38, 20.2)	(39, 21.25)	(40, 20.6)	(41, 18.9)	(42, 20.55)	(43, 16.75)	(44, 17.35)	(45, 22.45)	(46, 21.45)	(47, 18.95)	(48, 19.5)	(49, 19.8)	(50, 19.75)
sample8_R1	(1, 15.8)	(2, 17.05)	(3, 19.45)	(4, 20.05)	(5, 22.55)	(6, 22.45)	(7, 17.55)	(8, 20.85)	(9, 14.05)	(10, 22.75)	(11, 19.25)	(12, 20.15)	(13, 16.65)	(14, 20.6)	(15, 20.9)	(16, 21.7)	(17, 15.15)	(18, 20.75)	(19, 18.95)	(20, 22.35)	(21, 23.25)	(22, 23.15)	(23, 21.8)	(24, 18.35)	(25, 18.15)	(26, 21.85)	(27, 20.1)	(28, 21.35)	(29, 17.7)	(30, 15.5)	(31, 22.75)	(32, 21.3)	(33, 18.45)	(34, 17.6)	(35, 19.65)	(36, 16.85)	(37, 20.35)	(38, 20.5)	(39, 15.15)	(40, 24.4)	(41, 17.35)	(42, 19.55)	(43, 18.35)	(44, 19.8)	(45, 16.85)	(46, 16.05)	(47, 16.45)	(48, 20.9)	(49, 22.55)	(50, 20.1)
sample8_R2	(1, 19.9)	(2, 20.15)	(3, 16.0)	(4, 16.05)	(5, 21.7)	(6, 20.3)	(7, 22.55)	(8, 16.1)	(9, 15.65)	(10, 18.4)	(11, 23.9)	(12, 18.4)	(13, 18.05)	(14, 18.4)	(15, 20.5)	(16, 16.75)	(17, 20.1)	(18, 15.05)	(19, 19.6)	(20, 21.05)	(21, 16.25)	(22, 23.4)	(23, 14.3)	(24, 18.95)	(25, 18.15)	(26, 18.05)	(27, 14.15)	(28, 23.95)	(29, 16.7)	(30, 24.5)	(31, 16.65)	(32, 18.5)	(33, 21.85)	(34, 15.75)	(35, 19.95)	(36, 19.5)	(37, 18.65)	(38, 19.55)	(39, 21.8)	(40, 24.6)	(41, 19.75)	(42, 22.1)	(43, 22.4)	(44, 16.15)	(45, 22.6)	(46, 21.55)	(47, 23.75)	(48, 22.9)	(49, 15.65)	(50, 16.85)
sample9_R1	(1, 19.2)	(2, 22.15)	(3, 16.35)	(4, 16.75)	(5, 15.75)	(6, 19.1)	(7, 19.7)	(8, 22.85)	(9, 24.45)	(10, 20.25)	(11, 20.2)	(12, 17.45)	(13, 19.8)	(14, 20.35)	(15, 14.8)	(16, 23.3)	(17, 18.7)	(18, 23.55)	(19, 15.7)	(20, 19.1)	(21, 20.9)	(22, 21.15)	(23, 19.05)	(24, 14.55)	(25, 20.95)	(26, 19.35)	(27, 18.15)	(28, 21.65)	(29, 20.95)	(30, 19.3)	(31, 21.15)	(32, 17.5)	(33, 19.65)	(34, 24.8)	(35, 21.5)	(36, 18.0)	(37, 16.15)	(38, 21.8)	(39, 19.75)	(40, 20.4)	(41, 17.55)	(42, 17.5)	(43, 23.65)	(44, 23.7)	(45, 23.1)	(46, 20.25)	(47, 17.1)	(48, 20.7)	(49, 17.3)	(50, 20.1)
sample9_R2	(1, 19.5)	(2, 25.4)	(3, 20.2)	(4, 17.05)	(5, 21.05)	(6, 20.4)	(7, 19.9)	(8, 19.55)	(9, 17.1)	(10, 18.55)	(11, 19.45)	(12, 15.2)	(13, 20.7)	(14, 18.5)	(15, 20.5)	(16, 20.45)	(17, 20.1)	(18, 20.45)	(19, 19.75)	(20, 19.25)	(21, 21.35)	(22, 14.2)	(23, 22.65)	(24, 12.5)	(25, 24.4)	(26, 21.0)	(27, 19.35)	(28, 23.05)	(29, 21.4)	(30, 21.8)	(31, 20.8)	(32, 16.65)	(33, 16.6)	(34, 16.4)	(35, 17.55)	(36, 16.0)	(37, 22.05)	(38, 21.7)	(39, 21.85)	(40, 22.7)	(41, 21.8)	(42, 19.3)	(43, 21.7)	(44, 17.95)	(45, 18.55)	(46, 16.8)	(47, 19.7)	(48, 17.65)	(49, 24.0)	(50, 16.65)
